-0.0000006383 
-0.0000000604 
0.0000001891 
-0.0000005262 
0.0000006590 
0.0000006169 
0.0000003229 
0.0000016050 
0.0000020303 
0.0000026045 
0.0000028704 
0.0000036455 
0.0000043541 
0.0000052013 
0.0000057693 
0.0000066960 
0.0000071430 
0.0000082251 
0.0000091171 
0.0000095236 
0.0000104877 
0.0000113343 
0.0000122300 
0.0000129247 
0.0000135266 
0.0000148615 
0.0000153133 
0.0000161287 
0.0000171099 
0.0000178046 
0.0000189881 
0.0000193745 
0.0000198904 
0.0000213228 
0.0000216642 
0.0000222746 
0.0000232354 
0.0000238863 
0.0000247174 
0.0000252055 
0.0000254514 
0.0000258463 
0.0000263176 
0.0000265209 
0.0000266358 
0.0000265762 
0.0000270340 
0.0000265884 
0.0000272009 
0.0000267539 
0.0000270617 
0.0000270361 
0.0000266610 
0.0000270674 
0.0000269074 
0.0000268208 
0.0000266112 
0.0000266492 
0.0000267946 
0.0000264577 
0.0000265364 
0.0000261326 
0.0000263903 
0.0000264612 
0.0000260091 
0.0000261075 
0.0000259183 
0.0000259135 
0.0000257504 
0.0000258695 
0.0000255546 
0.0000255448 
0.0000255017 
0.0000250709 
0.0000256293 
0.0000248738 
0.0000253877 
0.0000248254 
0.0000249833 
0.0000246761 
0.0000249799 
0.0000244972 
0.0000243669 
0.0000247903 
0.0000243435 
0.0000241572 
0.0000243059 
0.0000240603 
0.0000241838 
0.0000238072 
0.0000239085 
0.0000237830 
0.0000238105 
0.0000235617 
0.0000235763 
0.0000233919 
0.0000233366 
0.0000234186 
0.0000230489 
0.0000231907 
0.0000230700 
0.0000229228 
0.0000228639 
0.0000227745 
0.0000227384 
0.0000225563 
0.0000225515 
0.0000225663 
0.0000223682 
0.0000218837 
0.0000224561 
0.0000221593 
0.0000219730 
0.0000219514 
0.0000219254 
0.0000215419 
0.0000218367 
0.0000216604 
0.0000214034 
0.0000214828 
0.0000212954 
0.0000212496 
0.0000211145 
0.0000210991 
0.0000209794 
0.0000207390 
0.0000210818 
0.0000203597 
0.0000207695 
0.0000204886 
0.0000204078 
0.0000202508 
0.0000202358 
0.0000201501 
0.0000200879 
0.0000200044 
0.0000195955 
0.0000198083 
0.0000195946 
0.0000197114 
0.0000194077 
0.0000193556 
0.0000192672 
0.0000190876 
0.0000190302 
0.0000189095 
0.0000191691 
0.0000188020 
0.0000183695 
0.0000186309 
0.0000187145 
0.0000182010 
0.0000183163 
0.0000182727 
0.0000179262 
0.0000181737 
0.0000178685 
0.0000177307 
0.0000178837 
0.0000173133 
0.0000176134 
0.0000175122 
0.0000172606 
0.0000172070 
0.0000171487 
0.0000171552 
0.0000168001 
0.0000168703 
0.0000169194 
0.0000166045 
0.0000161578 
0.0000170395 
0.0000161550 
0.0000162802 
0.0000162287 
0.0000161327 
0.0000160453 
0.0000159059 
0.0000158396 
0.0000158228 
0.0000157720 
0.0000151475 
0.0000160478 
0.0000152770 
0.0000150966 
0.0000150689 
0.0000153308 
0.0000150697 
0.0000150533 
0.0000148592 
0.0000146787 
0.0000146779 
0.0000146000 
0.0000147145 
0.0000144031 
0.0000144201 
0.0000141144 
0.0000141541 
0.0000144545 
0.0000137907 
0.0000140573 
0.0000138339 
0.0000137132 
0.0000138237 
0.0000135621 
0.0000134839 
0.0000136613 
0.0000132612 
0.0000134381 
0.0000131919 
0.0000130492 
0.0000130364 
0.0000130006 
0.0000129546 
0.0000128258 
0.0000127013 
0.0000128102 
0.0000124718 
0.0000125560 
0.0000122899 
0.0000123912 
0.0000123691 
0.0000120951 
0.0000121343 
0.0000118406 
0.0000119522 
0.0000119541 
0.0000116869 
0.0000115613 
0.0000117103 
0.0000114091 
0.0000113451 
0.0000115887 
0.0000109546 
0.0000113380 
0.0000108426 
0.0000111199 
0.0000109703 
0.0000104405 
0.0000110629 
0.0000108529 
0.0000101831 
0.0000105922 
0.0000105353 
0.0000103397 
0.0000099949 
0.0000101978 
0.0000104519 
0.0000097871 
0.0000100200 
0.0000098328 
0.0000098561 
0.0000097747 
0.0000096622 
0.0000096305 
0.0000094364 
0.0000096598 
0.0000092884 
0.0000094897 
0.0000091977 
0.0000092446 
0.0000092788 
0.0000091129 
0.0000090957 
0.0000089625 
0.0000090183 
0.0000088832 
0.0000089075 
0.0000088151 
0.0000087613 
0.0000086264 
0.0000085476 
0.0000088672 
0.0000084872 
0.0000084948 
0.0000081351 
0.0000086574 
0.0000083013 
0.0000082189 
0.0000082917 
0.0000081663 
0.0000081076 
0.0000083085 
0.0000077564 
0.0000081519 
0.0000078371 
0.0000079096 
0.0000079877 
0.0000075991 
0.0000078747 
0.0000077072 
0.0000074326 
0.0000079090 
0.0000072726 
0.0000079692 
0.0000072981 
0.0000066798 
0.0000078697 
0.0000075013 
0.0000076565 
0.0000066485 
0.0000070585 
0.0000074230 
0.0000069612 
0.0000072114 
0.0000068750 
0.0000070249 
0.0000067402 
0.0000070420 
0.0000069866 
0.0000065994 
0.0000067630 
0.0000066341 
0.0000067578 
0.0000067332 
0.0000064418 
0.0000065957 
0.0000065004 
0.0000064930 
0.0000065203 
0.0000064245 
0.0000062243 
0.0000064587 
0.0000062986 
0.0000062047 
0.0000062691 
0.0000060682 
0.0000064822 
0.0000058201 
0.0000063008 
0.0000058720 
0.0000061341 
0.0000057970 
0.0000061994 
0.0000058414 
0.0000058390 
0.0000057692 
0.0000056717 
0.0000060619 
0.0000056599 
0.0000056185 
0.0000056908 
0.0000056725 
0.0000056043 
0.0000056035 
0.0000054206 
0.0000056073 
0.0000055347 
0.0000052771 
0.0000055401 
0.0000053164 
0.0000052528 
0.0000054820 
0.0000051680 
0.0000051528 
0.0000053380 
0.0000052024 
0.0000049936 
0.0000054113 
0.0000048585 
0.0000050978 
0.0000049720 
0.0000051626 
0.0000047938 
0.0000049670 
0.0000050027 
0.0000049318 
0.0000046793 
0.0000048567 
0.0000049362 
0.0000046858 
0.0000048399 
0.0000047264 
0.0000046240 
0.0000047549 
0.0000046260 
0.0000047098 
0.0000045646 
0.0000045462 
0.0000046460 
0.0000043838 
0.0000047714 
0.0000043291 
0.0000044850 
0.0000045902 
0.0000042880 
0.0000043313 
0.0000043882 
0.0000044165 
0.0000042537 
0.0000043332 
0.0000041994 
0.0000043468 
0.0000041254 
0.0000040850 
0.0000042741 
0.0000041670 
0.0000040226 
0.0000040746 
0.0000042488 
0.0000037977 
0.0000039349 
0.0000043634 
0.0000036646 
0.0000040019 
0.0000039027 
0.0000039314 
0.0000036887 
0.0000040562 
0.0000036146 
0.0000039323 
0.0000037080 
0.0000038114 
0.0000034706 
0.0000039482 
0.0000034861 
0.0000037863 
0.0000035197 
0.0000036931 
0.0000034879 
0.0000036293 
0.0000033943 
0.0000036665 
0.0000034491 
0.0000034864 
0.0000035139 
0.0000033028 
0.0000035114 
0.0000033862 
0.0000032909 
0.0000034508 
0.0000033514 
0.0000032620 
0.0000031989 
0.0000035511 
0.0000031046 
0.0000031856 
0.0000032260 
0.0000033069 
0.0000030975 
0.0000031532 
0.0000031760 
0.0000030865 
0.0000029905 
0.0000031584 
0.0000031098 
0.0000028739 
0.0000031267 
0.0000027654 
0.0000032007 
0.0000028939 
0.0000027391 
0.0000028136 
0.0000030279 
0.0000028619 
0.0000027213 
0.0000027569 
0.0000027756 
0.0000027525 
0.0000028860 
0.0000023701 
0.0000026958 
0.0000027338 
0.0000025418 
0.0000028262 
0.0000022567 
0.0000027145 
0.0000023953 
0.0000025414 
0.0000025171 
0.0000025204 
0.0000024028 
0.0000022760 
0.0000023196 
0.0000025618 
0.0000023169 
0.0000022345 
0.0000025382 
0.0000021052 
0.0000022110 
0.0000024303 
0.0000020965 
0.0000022227 
0.0000023831 
0.0000019890 
0.0000021039 
0.0000024301 
0.0000019967 
0.0000020046 
0.0000021827 
0.0000019800 
0.0000021333 
0.0000020818 
0.0000020143 
0.0000020183 
0.0000019369 
0.0000020312 
0.0000020410 
0.0000019456 
0.0000018478 
0.0000020016 
0.0000019760 
0.0000017871 
0.0000020698 
0.0000017121 
0.0000020388 
0.0000017939 
0.0000017675 
0.0000017793 
0.0000019877 
0.0000016388 
0.0000020080 
0.0000014423 
0.0000019188 
0.0000016730 
0.0000017634 
0.0000016414 
0.0000018658 
0.0000014780 
0.0000015670 
0.0000018755 
0.0000013880 
0.0000018995 
0.0000013160 
0.0000017653 
0.0000017036 
0.0000010356 
0.0000019609 
0.0000016600 
0.0000012431 
0.0000013989 
0.0000017162 
0.0000015528 
0.0000013327 
0.0000014072 
0.0000015548 
0.0000014296 
0.0000013585 
0.0000014063 
0.0000015074 
0.0000012905 
0.0000013975 
0.0000014682 
0.0000012524 
0.0000017326 
0.0000009481 
0.0000014663 
0.0000013606 
0.0000014545 
0.0000012513 
0.0000011529 
0.0000015607 
0.0000012521 
0.0000012644 
0.0000010369 
0.0000017458 
0.0000010882 
0.0000014255 
0.0000012255 
0.0000012117 
0.0000012217 
0.0000009551 
0.0000015123 
0.0000014540 
0.0000013002 
0.0000008979 
0.0000013193 
0.0000011733 
0.0000011495 
0.0000011157 
0.0000012182 
0.0000013712 
0.0000010846 
0.0000009175 
0.0000011165 
0.0000013252 
0.0000009621 
0.0000009986 
0.0000012472 
0.0000010229 
0.0000010385 
0.0000010396 
0.0000009896 
0.0000012789 
0.0000007882 
0.0000012756 
0.0000007624 
0.0000013398 
0.0000007928 
0.0000010432 
0.0000011844 
0.0000009275 
0.0000008590 
0.0000012388 
0.0000008471 
0.0000010127 
0.0000010563 
0.0000009157 
0.0000011304 
0.0000007832 
0.0000010352 
0.0000011127 
0.0000008111 
0.0000011128 
0.0000006994 
0.0000011783 
0.0000008805 
0.0000008700 
0.0000009978 
0.0000008778 
0.0000009750 
0.0000008400 
0.0000010164 
0.0000008037 
0.0000009129 
0.0000008967 
0.0000008975 
0.0000007258 
0.0000010353 
0.0000008070 
0.0000008427 
0.0000007955 
0.0000008678 
0.0000008276 
0.0000008241 
0.0000006248 
0.0000009246 
0.0000007921 
0.0000008300 
0.0000007525 
0.0000006604 
0.0000008307 
0.0000008075 
0.0000006375 
0.0000008612 
0.0000006191 
0.0000007044 
0.0000007147 
0.0000006998 
0.0000008158 
0.0000005453 
0.0000008401 
0.0000005966 
0.0000007228 
0.0000006352 
0.0000007327 
0.0000006142 
0.0000007374 
0.0000006582 
0.0000005999 
0.0000007061 
0.0000006288 
0.0000006528 
0.0000006612 
0.0000004962 
0.0000008168 
0.0000006056 
0.0000005341 
0.0000007180 
0.0000005373 
0.0000004398 
0.0000008506 
0.0000005378 
0.0000004493 
0.0000007186 
0.0000004984 
0.0000005113 
0.0000004832 
0.0000007099 
0.0000005282 
0.0000005770 
0.0000003947 
0.0000006261 
0.0000005044 
0.0000004240 
0.0000005797 
0.0000003852 
0.0000005972 
0.0000002524 
0.0000007063 
0.0000004502 
0.0000003421 
0.0000004088 
0.0000004203 
0.0000005160 
0.0000004723 
0.0000002107 
0.0000003527 
0.0000006092 
0.0000003351 
0.0000002146 
0.0000005001 
0.0000003896 
0.0000001331 
0.0000005638 
0.0000001952 
0.0000005763 
0.0000000698 
0.0000003296 
0.0000003643 
0.0000004069 
0.0000002969 
0.0000002923 
0.0000000934 
0.0000005639 
0.0000002200 
0.0000003647 
0.0000001368 
0.0000003571 
0.0000003782 
0.0000002751 
0.0000002598 
0.0000002863 
0.0000004120 
0.0000002116 
0.0000003093 
0.0000002799 
0.0000003025 
0.0000004881 
0.0000001947 
0.0000001461 
0.0000005154 
0.0000004720 
-0.0000001647 
0.0000006337 
0.0000004578 
0.0000001226 
0.0000003249 
0.0000003028 
0.0000003688 
0.0000002163 
0.0000005935 
0.0000002352 
0.0000000223 
0.0000006717 
0.0000002177 
-0.0000000593 
0.0000008229 
0.0000003191 
-0.0000000734 
0.0000007242 
0.0000002214 
0.0000000818 
0.0000005703 
0.0000003383 
0.0000001193 
0.0000006180 
0.0000002905 
0.0000000342 
0.0000005048 
0.0000005165 
0.0000001457 
0.0000003890 
0.0000002263 
0.0000004769 
0.0000003668 
0.0000000522 
0.0000006852 
0.0000004138 
0.0000000250 
0.0000005595 
0.0000001728 
0.0000005562 
0.0000004330 
0.0000002183 
0.0000005726 
0.0000000537 
0.0000007544 
0.0000002490 
0.0000002335 
0.0000009120 
0.0000000179 
0.0000006120 
0.0000003700 
0.0000004236 
0.0000006599 
0.0000000048 
0.0000010158 
0.0000000938 
0.0000006828 
0.0000003627 
0.0000003818 
0.0000009228 
-0.0000001901 
0.0000011531 
0.0000000684 
0.0000006755 
0.0000005035 
0.0000004664 
0.0000005056 
0.0000004529 
0.0000007422 
0.0000001561 
0.0000009513 
0.0000000581 
0.0000009059 
0.0000002922 
0.0000006906 
0.0000004363 
0.0000005806 
0.0000006215 
0.0000003822 
0.0000007154 
0.0000003807 
0.0000009456 
0.0000001464 
0.0000008824 
0.0000001903 
0.0000010297 
0.0000002649 
0.0000009222 
0.0000001715 
0.0000010932 
0.0000001020 
0.0000010782 
0.0000001207 
0.0000011193 
0.0000002312 
0.0000009284 
0.0000002975 
0.0000011360 
0.0000001182 
0.0000010620 
0.0000003800 
0.0000010634 
0.0000001174 
0.0000012446 
0.0000001597 
0.0000012376 
0.0000002737 
0.0000011036 
0.0000002813 
0.0000011377 
0.0000002126 
0.0000012081 
0.0000004805 
0.0000009506 
0.0000004085 
0.0000009975 
0.0000006668 
0.0000008045 
0.0000006467 
0.0000007668 
0.0000008924 
0.0000004907 
0.0000010080 
0.0000005934 
0.0000009901 
0.0000003250 
0.0000012817 
0.0000002474 
0.0000013103 
0.0000003696 
0.0000010149 
0.0000006893 
0.0000007406 
0.0000008398 
0.0000007331 
0.0000009838 
0.0000004463 
0.0000013156 
0.0000003276 
0.0000011149 
0.0000005833 
0.0000010205 
0.0000007291 
0.0000008135 
0.0000010229 
0.0000004922 
0.0000012657 
0.0000002752 
0.0000014020 
0.0000005777 
0.0000009614 
0.0000008348 
0.0000007611 
0.0000011627 
0.0000004149 
0.0000013048 
0.0000004849 
0.0000013388 
0.0000005977 
0.0000009662 
0.0000009786 
0.0000006827 
0.0000011782 
0.0000005183 
0.0000013681 
0.0000005183 
0.0000009958 
0.0000011083 
0.0000004756 
0.0000012781 
0.0000005162 
0.0000010738 
0.0000008068 
0.0000007568 
0.0000010401 
0.0000004331 
0.0000012448 
0.0000004278 
0.0000009311 
0.0000008282 
0.0000005089 
0.0000010654 
0.0000003230 
0.0000010512 
0.0000005033 
0.0000006972 
0.0000008336 
0.0000001500 
0.0000011739 
0.0000003635 
0.0000005512 
0.0000008581 
-0.0000000337 
0.0000012178 
0.0000000692 
0.0000007775 
0.0000005032 
0.0000002046 
0.0000008997 
0.0000001135 
0.0000007313 
0.0000004359 
0.0000001858 
0.0000008501 
0.0000000254 
0.0000007333 
0.0000004184 
0.0000001591 
0.0000007535 
0.0000001210 
0.0000005990 
0.0000004387 
0.0000001031 
0.0000008158 
-0.0000000287 
0.0000006520 
0.0000005413 
-0.0000001430 
0.0000008846 
0.0000000845 
0.0000005196 
0.0000005213 
-0.0000001695 
0.0000009405 
0.0000001278 
0.0000003077 
0.0000005493 
-0.0000000744 
0.0000008510 
0.0000002130 
0.0000001493 
0.0000005488 
0.0000000805 
0.0000005684 
0.0000003820 
-0.0000000302 
0.0000007441 
-0.0000000545 
0.0000003890 
0.0000005840 
-0.0000002265 
0.0000007729 
0.0000001060 
0.0000000650 
0.0000007234 
-0.0000001738 
0.0000004376 
0.0000004347 
-0.0000002300 
0.0000007469 
0.0000000196 
0.0000002069 
0.0000003568 
-0.0000000395 
0.0000004479 
0.0000002839 
-0.0000003249 
0.0000008249 
-0.0000000831 
0.0000000604 
0.0000003065 
-0.0000001252 
0.0000005101 
0.0000001087 
-0.0000002891 
0.0000006081 
-0.0000001467 
0.0000000740 
0.0000003193 
-0.0000002916 
0.0000003934 
0.0000000672 
-0.0000003790 
0.0000006185 
-0.0000002037 
-0.0000001215 
0.0000003053 
-0.0000002601 
0.0000002351 
0.0000001615 
-0.0000005809 
0.0000004853 
-0.0000000825 
-0.0000002171 
0.0000002243 
-0.0000002877 
0.0000001179 
0.0000000777 
-0.0000004850 
0.0000003554 
-0.0000000189 
-0.0000005008 
0.0000003742 
-0.0000002119 
-0.0000001390 
0.0000001718 
-0.0000004960 
0.0000002710 
0.0000000202 
-0.0000006802 
0.0000005114 
-0.0000001356 
-0.0000004074 
0.0000003070 
-0.0000002518 
-0.0000000282 
0.0000001013 
-0.0000003771 
0.0000002644 
-0.0000000609 
-0.0000004700 
0.0000005136 
-0.0000000938 
-0.0000003953 
0.0000004709 
-0.0000003157 
-0.0000000222 
0.0000002753 
-0.0000003226 
0.0000002417 
0.0000001353 
-0.0000005250 
0.0000005445 
-0.0000000357 
-0.0000003267 
0.0000005099 
-0.0000001738 
-0.0000001320 
0.0000003994 
-0.0000001867 
0.0000000426 
0.0000004039 
-0.0000005203 
0.0000004630 
0.0000001910 
-0.0000004882 
0.0000005847 
-0.0000000822 
-0.0000001507 
0.0000003825 
-0.0000002199 
0.0000001341 
0.0000002888 
-0.0000003829 
0.0000003959 
-0.0000000032 
-0.0000004124 
0.0000005734 
-0.0000000835 
-0.0000004762 
0.0000005612 
-0.0000002399 
-0.0000001871 
0.0000002773 
-0.0000002726 
-0.0000001640 
0.0000003858 
-0.0000005704 
0.0000001122 
0.0000001170 
-0.0000006448 
0.0000003806 
-0.0000001946 
-0.0000005574 
0.0000002717 
-0.0000001467 
-0.0000005109 
0.0000001704 
-0.0000004603 
-0.0000001221 
0.0000000082 
