-0.398059
-0.373962
-0.261989
-0.159426
-0.0723968
0.0418512
0.109788
0.213791
0.260803
0.334146
0.37506
0.357907
0.437156
0.42394
0.440545
0.466879
0.402769
0.467014
0.527799
0.403863
0.522358
0.463798
0.45017
0.436702
0.367804
0.504657
0.516065
0.36912
0.407095
0.392944
0.388697
0.383535
0.387108
0.385751
0.417694
0.43822
0.311078
0.353913
0.369895
0.39385
0.365964
0.271319
0.334353
0.365153
0.391119
0.279426
0.296804
0.296222
0.329749
0.387485
0.242891
0.291918
0.287462
0.332576
0.247134
0.255511
0.278149
0.296375
0.261335
0.214741
0.254282
0.289603
0.307958
0.186942
0.224068
0.261445
0.294895
0.211536
0.196737
0.252106
0.251463
0.301656
0.154015
0.195452
0.235409
0.252355
0.185106
0.188577
0.203826
0.208848
0.253682
0.200399
0.146255
0.168045
0.18189
0.215708
0.197306
0.131221
0.163977
0.201869
0.202428
0.235245
0.0821055
0.132101
0.157516
0.190212
0.233573
0.104551
0.114975
0.132395
0.148941
0.178957
0.200858
0.0926775
0.112883
0.130075
0.153674
0.155541
0.200953
0.06437
0.118627
0.124943
0.124982
0.150402
0.156356
0.192083
0.0475573
0.10471
0.11976
0.114549
0.125215
0.163005
0.173826
0.0492868
0.0797104
0.0974679
0.12551
0.13605
0.125599
0.165896
0.0287445
0.0790099
0.0978141
0.107813
0.117539
0.128485
0.170592
0.0355672
0.0682494
0.0832549
0.0906095
0.0913746
0.113407
0.131654
0.16784
0.0211479
0.0609256
0.077609
0.0710801
0.0940329
0.0817007
0.106377
0.147809
0.00850378
0.0425592
0.0536775
0.0562719
0.0737258
0.0844355
0.0894633
0.101075
0.145291
0.0131256
0.0350016
0.0306025
0.0388439
0.0551516
0.0627676
0.0737356
0.0861033
0.0970949
0.114596
-0.00386998
0.0257752
0.0380223
0.0385033
0.0601838
0.0576879
0.0480601
0.0730501
0.0827411
0.0857213
0.126999
-0.00701107
0.0181209
0.0201564
0.0339985
0.0472952
0.0306108
0.041204
0.0426959
0.0404003
0.0491029
0.0744363
0.0895191
0.00339412
-0.013165
0.0100448
0.00613971
0.0328676
0.0289611
0.0419494
0.0462622
0.0482664
0.0607551
0.0518371
0.104101
-0.0397135
0.000875942
0.00201929
0.0097739
0.00107816
0.0300383
0.0266529
0.0115056
0.0321337
0.0222955
0.0259984
0.0354962
0.0428503
0.0400978
0.0795661
-0.050464
-0.0128256
-0.00432006
0.00152664
0.0157836
0.0222067
0.00413704
0.0125669
0.0100273
0.014661
0.0153108
0.023434
0.0127466
0.0141301
0.0383307
0.0349093
0.0644977
-0.0664072
-0.0310762
-0.0184433
-0.0155646
0.0190353
0.00181687
0.00269463
0.0091689
-0.00487422
0.00599947
0.0102399
0.0313502
0.00313392
0.0101013
0.0108995
0.0350418
0.021232
0.0644727
-0.0664633
-0.0240716
-0.0370397
-0.0132766
-0.00346258
0.00845245
-0.0151405
-0.00808256
-0.0110645
0.00434907
0.00207214
0.00565968
-0.0104403
0.00986368
0.00185762
0.013802
0.0178607
0.0216925
0.0389618
0.0527763
-0.0694695
-0.0402184
-0.0255053
-0.00514626
-0.0222738
-0.0134858
-0.0182373
-0.0100566
-0.00533869
-0.012696
0.00626448
-0.0149451
-0.00374973
-0.0124162
0.000557825
-0.0125002
0.00796464
-0.0078004
-0.00418388
0.00164194
-0.0127871
-0.00819322
0.000498975
0.00705523
0.00471992
0.0032248
-0.0102021
0.00582081
0.0339763
-0.0735747
-0.0583814
-0.0303259
-0.0109273
-0.0174905
-0.0241282
-0.0172533
-0.0155802
-0.0204789
-0.0114842
-0.0174982
-0.0117972
-0.0161719
-0.00951007
-0.0197442
-0.0142858
-0.00653742
-0.0215344
-0.00450348
-0.00750443
-0.00954436
-0.00640779
-0.0169256
-0.0147418
-0.00852316
-0.0118949
-0.00465176
0.00706506
0.051594
-0.0740667
-0.0495867
-0.0272957
-0.0314584
-0.0322102
-0.0342146
-0.0467134
-0.0342054
-0.0138766
-0.0502962
-0.0407991
-0.0275161
-0.0412736
-0.0256942
-0.023797
-0.0164503
-0.0284256
-0.0248671
-0.0224549
-0.0276659
-0.0306785
-0.0369266
-0.0331798
-0.0204386
-0.0304155
-0.0326617
-0.0343596
-0.0102856
-0.0165336
-0.0289746
-0.0414498
-0.0225807
-0.02759
-0.0156427
-0.0338565
-0.0293674
-0.00486847
-0.0128601
-0.0127618
-0.0171573
0.00280309
-0.00753301
-0.00165641
-0.0123183
-0.0115575
-0.0135676
0.00243936
-0.0218288
-0.0114097
0.0136079
-0.129453
-0.054335
-0.0669078
-0.0428671
-0.0523119
-0.0525325
-0.0326191
-0.0386741
-0.0398263
-0.0370768
-0.0380238
-0.0183991
-0.0422382
-0.0467165
-0.045207
-0.0451809
-0.0317943
-0.0297165
-0.0346514
-0.0467961
-0.0265998
-0.0283119
-0.0391955
-0.0400127
-0.0308089
-0.0426976
-0.0594698
-0.0198939
-0.0374811
-0.0210589
-0.0223053
-0.0337757
-0.0310663
-0.0276212
-0.03364
-0.0285796
-0.0302531
-0.0143685
-0.0426456
-0.0364908
-0.0217029
-0.0386785
-0.0196034
-0.0482173
-0.0211472
-0.0242662
-0.00717849
-0.0365137
-0.0229272
-0.0322559
-0.039159
-0.0366087
-0.0311589
-0.0118306
-0.0370589
-0.0316923
-0.0351729
-0.0420196
-0.0258234
-0.0386313
-0.0390277
-0.0206113
-0.0460109
-0.0368641
-0.0389038
-0.0283247
-0.0329756
-0.0431699
-0.0393663
-0.0197921
-0.0321079
-0.0441881
-0.0547822
-0.0422343
-0.0497414
-0.0226995
-0.0397645
-0.0289999
-0.0121259
-0.0374215
-0.0818832
-0.0691267
-0.0547754
-0.0467153
-0.0564105
-0.0483095
-0.0391338
-0.0446361
-0.0582257
-0.0524227
-0.0511195
-0.0486384
-0.0431578
-0.0539028
-0.0525335
-0.050172
-0.0470459
-0.0540461
-0.0316295
-0.0418739
-0.0494355
-0.0613408
-0.0604495
-0.0481984
-0.029296
-0.040475
-0.0441293
-0.0608043
-0.0471829
-0.039728
-0.0363487
-0.0406055
-0.0361755
-0.0445985
-0.0592084
-0.03503
-0.0327429
-0.0265758
-0.0458548
-0.0346572
-0.0345649
-0.0461097
-0.0358413
-0.0443094
-0.0346518
-0.0311092
-0.0277983
-0.0297116
-0.0335986
-0.0448196
-0.0330922
-0.0376398
-0.0408263
-0.0459461
-0.0342785
-0.0228287
-0.0390623
-0.0408014
-0.0498617
-0.0376797
-0.037897
-0.0288823
-0.0197081
-0.0521351
-0.0384894
-0.0334897
-0.0527119
-0.0388572
-0.0360474
-0.0456348
-0.035172
-0.02091
-0.04444
-0.0463617
-0.02643
-0.0356809
-0.0216743
-0.0350093
-0.0324552
-0.0460851
-0.0326421
-0.0237768
-0.025389
-0.0389442
-0.0223134
-0.0251154
-0.0288264
-0.0387858
-0.0272872
-0.0255555
-0.0340996
-0.0373848
-0.0275062
-0.0203359
-0.0194731
-0.0162922
-0.0281167
-0.0432009
-0.0328338
-0.0334061
-0.0522738
-0.0471523
-0.0366209
-0.0374797
-0.0485228
-0.0197294
-0.0156697
-0.0344495
-0.0175106
-0.00964655
-0.00118264
-0.0161024
-0.0313851
-0.038077
-0.0206753
-0.0291852
-0.0346548
-0.0321596
-0.0229215
-0.00509969
-0.0287425
-0.033628
-0.0107147
-0.0175706
-0.0366432
-0.029311
-0.0139606
-0.0665132
-0.033729
-0.0205955
-0.0309069
-0.0433596
-0.0163109
-0.0435161
-0.0276386
-0.0287374
-0.0314348
-0.0513528
-0.0321408
-0.0394154
-0.0454318
-0.0294418
-0.0437344
-0.0306704
-0.0456537
-0.0321895
-0.0455187
-0.0467552
-0.0377956
-0.0263507
-0.0471114
-0.0458167
-0.0417284
-0.0294635
-0.0451729
-0.0435275
-0.0307261
-0.0444538
-0.0384692
-0.0556127
-0.0455928
-0.0316543
-0.0308224
-0.0290671
-0.0461807
-0.0268958
-0.0300294
-0.0539346
-0.016921
-0.0253049
-0.0287334
-0.041921
-0.0215663
-0.0344409
-0.0203862
-0.0485508
-0.033789
-0.0207098
-0.0159499
-0.0782446
-0.0890559
-0.0475218
-0.0588682
-0.0386721
-0.0606623
-0.0528538
-0.0433087
-0.0478641
-0.0923909
-0.0239099
-0.00702825
-0.0204466
-0.0483991
-0.0274798
-0.0343675
-0.0313996
-0.0383278
-0.0379792
-0.0372698
-0.0391563
-0.0408905
-0.0225068
-0.0261782
-0.0330278
-0.0407778
-0.0311496
-0.0358821
0.0249974
-0.104432
-0.0602537
-0.0655372
-0.0277798
-0.0803163
0.0242437
-0.0826363
-0.0624593
-0.088778
0.0534973
-0.103283
-0.0659821
-0.00487341
-0.0672862
-0.0488086
-0.0475322
-0.0437529
-0.0445069
-0.0390547
-0.0610767
-0.0492824
-0.0549562
-0.057111
-0.0521927
-0.0521165
-0.0492899
-0.0600271
-0.0552771
-0.0515346
-0.0513417
-0.0489643
-0.0542129
-0.0459438
-0.050404
-0.0439052
-0.0594116
-0.0558924
-0.0470203
-0.0456573
-0.0512634
-0.043653
-0.0488766
-0.0458264
-0.0395989
-0.071788
-0.0568155
-0.0540377
-0.0508199
-0.0536093
-0.0762639
-0.0486158
-0.066654
-0.0472175
-0.0516716
-0.0448333
-0.0567602
-0.0413996
-0.0466739
-0.045477
-0.0466479
-0.040293
-0.0389446
-0.0272856
-0.0519477
-0.0500179
-0.0673227
-0.0423328
-0.0608488
-0.0521066
-0.0437467
-0.0495201
-0.0366258
-0.0473439
-0.0550746
-0.0528113
-0.0455494
-0.0474951
-0.0576088
-0.0725652
-0.064441
-0.042808
-0.0532732
-0.0460722
-0.0557685
-0.0523837
-0.0611241
-0.0516849
-0.0510816
-0.0357461
-0.0568836
-0.0349674
-0.0515262
-0.0510208
-0.0369023
-0.0418417
-0.0574885
-0.0634333
-0.052865
-0.070194
-0.0534939
-0.0439762
-0.0499648
-0.0412335
-0.0462469
-0.0432082
-0.0422724
-0.0452388
-0.0464763
-0.0499303
-0.0343656
-0.0562477
-0.0451824
-0.0438367
-0.053473
-0.0389932
-0.0498704
-0.0492457
-0.0658773
-0.0487817
-0.0411508
-0.0395282
-0.0485537
-0.0461101
-0.049764
-0.0398866
-0.0372912
-0.0328589
-0.0447102
-0.0420736
-0.0490716
-0.0362185
-0.0520155
-0.0341791
-0.0611144
-0.0443699
-0.0671638
-0.0377042
-0.0464184
-0.0541426
-0.050462
-0.0417942
-0.0450175
-0.0504494
-0.0477893
-0.0426151
-0.0522322
-0.0484053
-0.0358808
-0.0277178
-0.0518807
-0.046737
-0.049104
-0.0452221
-0.0668381
-0.0431938
-0.0505219
-0.0544484
-0.0527693
-0.0702079
-0.0575083
-0.0523161
-0.0450549
-0.0376477
-0.0463262
-0.0562712
-0.057434
-0.0479178
-0.0352481
-0.0512002
-0.0297623
-0.0498911
-0.058099
-0.0436176
-0.0407007
-0.0596337
-0.034509
-0.0581464
-0.0608952
-0.0644952
-0.0505198
-0.0399088
-0.061031
-0.0499516
-0.0635814
-0.0596845
-0.0605846
-0.0505616
-0.0509722
-0.0577384
-0.0683246
-0.048544
-0.0388559
-0.0530624
-0.0655471
-0.057912
-0.0435756
-0.0619614
-0.0575828
-0.0435969
-0.0703713
-0.0498065
-0.0530084
-0.0473045
-0.0518459
-0.0649203
-0.0630853
-0.0514068
-0.0411103
-0.0555997
-0.0486708
-0.0663329
-0.0501541
-0.0450814
-0.0540996
-0.0614751
-0.0658133
-0.0460991
-0.076386
-0.0635737
-0.0570514
-0.0277179
-0.0636716
-0.0594597
-0.065877
-0.0751897
-0.0485073
-0.0626633
-0.0517531
-0.0669772
-0.050705
-0.0668458
-0.0450633
-0.0676147
-0.0641361
-0.0625178
-0.0640976
-0.0450458
-0.066782
-0.0276298
-0.0606677
-0.0550831
-0.0500926
-0.0421403
-0.060106
-0.0546028
-0.0615063
-0.0575318
-0.0608076
-0.0530901
-0.0630812
-0.0663917
-0.0502637
-0.0685454
-0.0660876
-0.0557764
-0.0457527
-0.0673603
-0.0517749
-0.0407183
-0.0633066
-0.0503466
-0.0665565
-0.0488016
-0.0537024
-0.0475248
-0.0674803
-0.0466534
-0.0528323
-0.0515587
-0.0672379
-0.0486558
-0.0626348
-0.0439249
-0.0551958
-0.0516939
-0.0744883
-0.0582505
-0.0641434
-0.0822928
-0.0636754
-0.0514425
-0.0556439
-0.0626971
-0.0496931
-0.0603649
-0.06235
-0.0682071
-0.0756615
-0.0790435
-0.0767785
-0.078239
-0.0724683
-0.0682921
-0.0704922
-0.0688722
-0.0687831
-0.0855221
-0.0841451
-0.0702988
-0.079555
-0.0752261
-0.0717931
-0.0652116
-0.0649505
-0.0862689
-0.0772592
-0.0758764
-0.0763072
-0.0649011
-0.0635098
-0.0849958
-0.0792335
-0.0846131
-0.0888932
-0.0790022
-0.0798313
-0.094185
-0.0926738
-0.104117
-0.0968772
-0.0731543
-0.110261
-0.0897863
-0.10142
-0.105258
-0.0929714
-0.0983449
-0.122373
-0.096673
-0.0984781
-0.115192
-0.123159
-0.131338
-0.121387
-0.123874
-0.115818
-0.122485
-0.145452
-0.135577
-0.135349
-0.146451
-0.147322
-0.16307
-0.168545
-0.181458
-0.175854
-0.204079
-0.230943
-0.251513
-0.298852
-0.38685
